1 -11.55
2 22.73
3 3.45
4 20.03
5 -25.46
6 43.76
7 37.33
8 -21.88
9 -2.89
10 13.53
11 48.90
12 -9.00
13 21.98
14 12.87
15 7.05
16 35.54
17 16.81
18 -11.74
19 21.56
20 15.88
21 15.16
22 9.98
23 26.34
24 8.33
25 24.90
26 -20.23
27 33.65
28 40.66
29 27.97
30 17.04
31 13.35
32 53.86
33 26.33
34 17.28
35 10.54
36 14.55
37 6.31
38 -7.50
39 6.24
40 35.18
41 5.62
42 -17.24
43 -47.45
44 3.44
45 49.21
46 7.76
47 8.37
48 4.18
49 17.18
50 -5.22
51 14.82
52 -5.29
53 11.86
54 9.43
55 17.35
56 25.96
57 4.58
58 6.28
59 7.60
60 4.22
61 40.71
62 16.54
63 30.78
64 -28.14
65 -30.93
66 39.12
67 15.59
68 81.96
69 7.32
70 7.57
71 27.52
72 -19.19
73 19.28
74 16.81
75 24.91
76 14.57
77 20.32
78 -32.28
79 -25.92
80 13.33
81 22.90
82 10.54
83 21.26
84 11.49
85 8.23
86 7.22
87 -11.13
88 30.26
89 28.38
90 7.54
91 10.16
92 -29.01
93 -19.40
94 41.62
95 24.41
96 11.60
97 24.53
98 -18.91
99 -6.86
100 -18.50
101 15.48
102 28.70
103 15.49
104 6.42
105 8.87
106 48.14
107 10.08
108 5.55
109 11.85
110 33.17
111 -3.04
112 -27.21
113 5.39
114 21.88
115 16.68
116 63.31
117 11.49
118 21.81
119 17.28