1 6.74
2 -3.63
3 9.26
4 9.58
5 -3.94
6 -3.05
7 -0.51
8 5.61
9 -3.59
10 6.51
11 1.16
12 -0.03
13 9.18
14 8.71
15 3.61
16 -1.01
18 0.32
20 9.45
21 -1.37
22 0.46
24 8.93
25 1.2
26 0.77
27 4.68
28 5.28
30 3.49
32 7.78
33 2.63
35 6.3
36 6.76
39 -2.4
40 1.54
42 -4.49
44 8.7
45 -0.21
48 8.23
49 -1.4
50 -4.95
52 -4.66
54 7.53
55 -0.94
56 6.17
60 6.28
63 -4.19
64 2.73
65 -0.77
66 8.39
70 6.2
72 5.99
77 3.85
78 -2.04
80 2.95
81 5.98
84 0.57
88 5.63
90 7.21
91 -4.84
96 7.37
98 -4.46
99 9.26
100 -2.14
104 5.31
108 9.97
110 0.87
112 -4.6
117 9.06
120 -3.49
126 2.19
130 8.55
140 6.91
